ind	pop	D3S1358	D3S1358	vWA 	vWA 	D16S539 	D16S539 	CSF1PO 	CSF1PO 	TPOX 	TPOX 	D8S1179 	D8S1179 	D21S11 	D21S11 	D18S51 	D18S51 	D2S441 	D2S441 	D19S433 	D19S433 	TH01 	TH01 	FGA 	FGA 	D22S1045 	D22S1045 	D5S818 	D5S818 	D13S317 	D13S317 	D7S820 	D7S820 	SE33 	SE33 	D10S1248 	D10S1248 	D1S1656 	D1S1656 	D12S391 	D12S391 	D2S1338 	D2S1338 
1a	Pop1	15	17	15	18	9	13	11	12	8	8	14	14	30	31	16	16	12	14	12	16	6	6	21	23	12	15	12	13	11	12	10	11	19	27.2	13	14	13	13	16	19	24	25
1b	Pop1	14	18	15	18	11	12	10	11	11	12	12	15	29	30	15	15	11	12	13	13	9	9.3	23	24	11	15	12	12	8	13	10	11	23.2	25.2	13	13	11	17.3	17	18	20	22
1c	Pop1	16	16	16	18	11	12	10	11	8	9	13	14	29	29	12	17	11	14	13	15	6	9.3	20	21	15	16	12	13	9	13	10	12	16	25.2	14	16	15	16	18.3	19	20	23
1d	Pop1	14	16	16	17	11	13	10	10	8	8	13	15	29	30	14	16	11	11	13	14	7	8	20	24	15	17	11	12	11	12	10	12	17	30.2	14	15	15	15.3	18	19	23	25
1e	Pop1	16	17	15	18	10	15	11	12	8	8	13	14	31	32.2	13	19	11	14	12	14	6	6	21	25	16	16	11	11	9	12	10	13	18	30.2	13	14	11	16	15	18	18	25
1f	Pop1	16	18	18	18	12	14	9	12	8	8	12	13	28	32.2	13	18	11	14	15	16.2	9	9.3	21	25	15	15	12	13	8	12	8	8	25.2	31.2	16	17	16	16.3	20	23	19	19
1g	Pop1	15	16	16	18	11	13	11	12	8	11	10	11	29	29	14	19	11.3	14	12	16.2	6	7	22	22	16	17	11	12	11	12	9	10	17	28.2	14	16	13	15	17	17	17	19
1h	Pop1	17	18	17	18	13	14	11	13	8	11	12	13	30	31.2	12	13	11	11	13	13	9	9.3	22	24	11	15	11	13	9	13	9	11	16.3	17	12	14	12	15.3	18	18	17	25
2a	Pop2	16	18	15	18	10	13	11	12	8	10	13	16	30	31.2	12	20	11	14	14	14	7	8	24	25	15	16	11	11	8	9	9	10	14	19	16	17	11	11	19.3	21	17	24
2b	Pop2	17	18	16	19	10	11	10	11	8	11	11	13	30	30	17	21	11.3	14	13	13	6	7	23	23	16	17	11	12	11	14	9	10	14	28.2	12	12	15.3	17	21	23	17	19
2c	Pop2	15	15	14	16	9	13	10	11	8	8	11	14	28	30.2	13	19	11	11	13	13	6	9.3	21	22	15	15	9	11	11	11	10	10	22.2	29.2	13	15	18.3	18.3	18	20	17	24
2d	Pop2	16	17	15	17	10	14	12	13	8	11	14	15	30	30	15	16	11	11.3	14	14	8	9.3	22	25	16	17	11	11	11	12	8	10	27.2	30.2	13	16	15.3	15.3	19	22	17	24
2e	Pop2	15	16	14	19	11	12	10	11	8	8	12	14	30	32.2	14	16	10	11	13	14	7	8	23	26	14	16	12	12	12	12	11	11	18	27.2	13	16	13	17	21	26	21	23
2f	Pop2	13	15	14	15	13	14	11	12	9	11	12	13	28	30.2	10	19	11	11	13.2	14	7	7	22	25	15	15	11	14	10	14	8	10	20	20.2	15	15	14	17.3	18.3	21	17	17
2g	Pop2	16	18	16	18	9	12	12	14	8	8	13	15	28	30	14	16	10	11	15	16	6	9.3	23	26	15	16	11	12	9	11	8	12	19	20	14	16	12	14	18	19	19	23
2h	Pop2	16	18	17	18	12	14	11	11	8	8	11	14	29	32.2	12	16	11	12	13	15	7	9	20	20	11	17	11	12	9	11	7	11	14.2	18	13	15	12	14	22	24	23	25
2i	Pop2	17	17	18	19	11	11	10	11	8	11	13	15	28	30	13	14	11.3	14	15	16	6	9.3	23	23	16	16	11	12	13	14	11	12	19	25.2	13	17	14	16	18	19	17	25
2j	Pop2	15	18	16	16	12	13	10	10	9	11	10	14	29	30	17	18	10	11	13	13	9	9.3	22	23	15	17	11	13	8	12	10	10	29.2	33	13	14	15	17.3	19	22	19	20
3a	Pop3	15	17	18	19	9	14	11	12	8	11	13	16	28	28	15	15	10	11	13	14	7	9.3	19	20	15	16	12	12	11	12	10	11	15	27.2	15	15	15	18.3	17	18	20	23
3b	Pop3	16	17	14	15	10	12	11	12	8	8	13	15	29	30	14	15	11	11	15	15	9.3	9.3	21	23	15	16	9	11	11	11	10	12	26.2	32.2	12	15	17	17.3	17	21	22	23
3c	Pop3	16	18	16	18	11	14	10	13	8	11	12	13	29	30.2	14	17	10	11	13	16.2	9	9.3	24	26	16	17	12	12	8	11	8	10	14	27.2	15	15	13	16	20	21	24	25
3d	Pop3	14	16	17	19	12	13	12	12	8	8	14	14	30	31.2	14	15	11	11	14	14	7	8	22	23	15	16	12	12	9	14	9	11	26.2	30.2	14	15	14	15.3	17	21	20	20
3e	Pop3	16	18	15	17	11	14	11	12	8	10	9	12	28	32.2	13	15	11	12	14	14	6	9.3	22	25	11	17	9	12	10	12	8	9	13	19	13	13	15	16	18	23	17	20
3f	Pop3	17	18	14	18	9	12	11	12	8	11	13	13	30	31.2	13	18	11.3	14	13	15	9	9.3	19	23	15	17	11	13	8	14	9	12	16	30.2	15	16	12	15	19	23	17	25
3g	Pop3	16	19	16	17	10	11	10	11	8	11	11	13	28	31.2	15	18	10	14	13	14	7	8	20	23	16	16	12	12	8	13	11	12	20	28.2	13	14	14	15	16	23	20	23
3h	Pop3	15	17	16	19	8	12	11	12	8	10	10	14	30	30	14	15	10	11	14	14	6	9.3	22	22	15	15	11	13	14	15	8	9	22	27.2	13	13	13	16	21	21	18	26
3i	Pop3	16	18	17	18	10	14	12	12	8	11	11	13	29	30	15	19	11	11	16	16	9	9.3	20	23	16	17	12	12	12	12	10	10	15	23.2	14	15	14	14	19	20	25	25
3j	Pop3	15	17	14	17	10	13	11	11	8	8	13	14	31	32.2	13	13	10	14	13	15	9	9	24	26	14	15	10	12	12	12	8	13	27.2	28.2	13	13	14	15	20	21	23	24
3k	Pop3	14	18	16	18	8	10	11	12	8	11	13	14	29	30	12	13	10	10	15	16	6	8	22	24	11	16	12	13	12	13	11	11	27.2	31.2	14	14	11	18.3	16	23	24	25
