ind	pop	loc1	loc1	loc2	loc2	loc3	loc3	loc4	loc4
BT0BA1E1	BA	184	184	116	116	258	258	280	280
BT0BA1E1_2	BA	184	184	116	116	258	258	280	280
BT0BA1E1_3	BA	184	184	116	116	258	258	280	280
BT0BA1E1_4	BA	184	184	116	116	258	258	280	280
BT0BA1E1_5	BA	184	184	116	116	258	258	280	280
BT0BA1E1_6	BA	184	184	116	116	258	258	280	280
BT0BA1E1_7	BA	184	184	116	116	258	258	280	280
BT0BA1E1_8	BA	184	184	116	116	258	258	280	280
BT0BA1E1_9	BA	184	184	116	116	258	258	280	280
BT0BA1E1_10	BA	184	184	116	116	258	258	280	280
BT0BA1E1_11	BA	184	184	116	116	258	258	280	280
BT0BA1E1_12	BA	184	184	116	116	258	258	280	280
BT0BA1E1_13	BA	184	184	116	116	258	258	280	280
BT0BA1E1_14	BA	184	184	116	116	258	258	280	280
BT0BA1E1_15	BA	184	184	116	116	258	258	280	280
BT0BA1E1_16	BA	184	184	116	116	258	258	280	280
BT0BA1E1_17	BA	184	184	116	116	258	258	280	280
BT0BA2E2	BA	184	184	116	116	258	258	276	276
BT0BA4E4	BA	184	184	116	116	258	258	284	284
BT0BA4E4_2	BA	184	184	116	116	258	258	284	284
BT0BA4E4_3	BA	184	184	116	116	258	258	284	284
BT0BA4E4_4	BA	184	184	116	116	258	258	284	284
BT0BA13E13	BA	184	184	116	116	262	262	280	280
BT0BA13E13_2	BA	184	184	116	116	262	262	280	280
BT0BA13E13_3	BA	184	184	116	116	262	262	280	280
BT0BA13E13_4	BA	184	184	116	116	262	262	280	280
BT0BA16E16	BA	184	184	116	116	262	262	288	288
BT0BA22E22	BA	184	184	116	116	262	262	284	284
BT0BA22E22_2	BA	184	184	116	116	262	262	284	284
BT0BA28E28	BA	186	186	116	116	258	258	280	280
BT0MN11	MN	184	184	157	157	318	318	304	304
BT0MN22	MN	180	184	116	116	318	318	284	284
BT0MN33	MN	184	184	157	157	246	318	260	260
BT0MN44	MN	180	184	157	157	254	254	256	284
BT0MN55	MN	180	184	151	157	250	274	284	284
BT0MN66	MN	180	180	151	151	250	250	284	284
BT0MN77	MN	184	184	116	116	306	306	284	284
BT0MN88	MN	184	184	157	157	310	310	368	368
BT0MN99	MN	184	184	157	157	306	306	296	296
BT0MN1010	MN	184	184	116	116	318	318	260	260
BT0MN1111	MN	184	184	157	157	250	250	376	376
BT0MN1212	MN	180	180	116	116	254	254	288	288
BT0MN1313	MN	180	180	157	157	254	254	300	304
BT0MN1514	MN	184	184	116	157	306	306	260	368
BT0MN1615	MN	180	180	151	151	318	318	288	296
BT0MN1716	MN	184	184	151	151	250	250	348	348
BT0MN1817	MN	184	184	116	159	250	250	260	260
BT0MN1918	MN	180	180	116	116	310	310	260	260
BT0MN2019	MN	180	180	157	157	254	306	260	260
BT0MN2120	MN	180	180	151	151	250	310	260	288
BT0MN2221	MN	184	184	151	151	250	254	292	292
BT0MN2322	MN	184	184	157	157	314	314	256	256
BT0MN2423	MN	184	184	157	157	250	250	296	296
BT0MN2524	MN	184	184	157	157	250	250	288	368
BT0MN2625	MN	184	184	157	157	310	310	288	368
BT0MN2726	MN	180	180	157	157	314	314	368	368
BT0MN2827	MN	184	184	116	116	314	314	368	368
BT0MN2928	MN	184	184	157	157	306	306	260	260
BT0MN3029	MN	184	184	116	116	274	274	384	384
BT0Npm11	Npm	180	180	157	157	270	270	416	416
BT0Npm11_2	Npm	180	180	157	157	270	270	416	416
BT0Npm22	Npm	176	176	143	143	242	242	296	296
BT0Npm33	Npm	176	180	143	143	262	270	264	264
BT0Npm44	Npm	180	180	157	157	278	278	420	420
BT0Npm55	Npm	180	180	143	143	238	238	420	420
BT0Npm66	Npm	180	180	157	157	262	262	396	396
BT0Npm77	Npm	180	180	157	157	278	278	416	416
BT0Npm88	Npm	180	180	143	143	250	250	416	416
BT0Npm99	Npm	180	180	157	157	270	270	420	420
BT0Npm99_2	Npm	180	180	157	157	270	270	420	420
BT0Npm1010	Npm	184	184	143	157	278	278	284	284
BT0Npm1111	Npm	184	184	143	143	270	270	424	424
BT0Npm1212	Npm	180	180	143	155	254	270	356	356
BT0Npm1313	Npm	180	180	157	157	238	238	284	284
BT0Npm1414	Npm	180	180	143	143	238	238	284	284
BT0Npm1515	Npm	180	180	143	143	270	270	416	416
BT0Npm1515_2	Npm	180	180	143	143	270	270	416	416
BT0Npm1616	Npm	180	180	157	157	250	250	284	284
BT0Npm1818	Npm	176	180	157	157	246	278	420	420
BT0Npm2020	Npm	176	176	157	157	246	246	284	284
BT0Npm2121	Npm	180	184	157	157	250	250	392	392
BT0Npm2222	Npm	180	180	157	157	266	266	254	254
BT0Npm2323	Npm	180	180	143	143	238	238	352	352
BT0Npm2424	Npm	180	180	157	157	278	282	416	416
BT0Npm2525	Npm	180	180	143	143	274	274	412	412
BT0Npm2726	Npm	184	184	143	157	250	270	288	260
BT0Npm2927	Npm	180	180	143	143	238	270	356	356
BT0NG1A1	NG	176	176	143	143	278	278	416	416
BT0NG2A2	NG	180	180	157	157	238	238	392	392
BT0NG3A3	NG	180	180	157	157	250	250	260	260
BT0NG4A4	NG	180	180	143	143	274	274	416	416
BT0NG5A5	NG	184	184	143	157	270	270	264	264
BT0NG7A6	NG	180	180	155	155	270	270	352	352
BT0NG7A6_2	NG	180	180	155	155	270	270	352	352
BT0NG11A8	NG	176	176	143	143	270	270	356	356
BT0NG12A9	NG	176	176	143	143	238	238	288	288
BT0NG13A10	NG	180	180	157	157	254	254	284	284
BT0NG14A11	NG	180	184	143	143	270	270	256	420
BT0NG16A12	NG	176	176	143	143	262	262	380	380
BT0NG16A12_2	NG	176	176	143	143	262	262	380	380
BT0NG72E13	NG	180	180	143	157	262	262	256	256
BT0NG74E15	NG	176	180	143	157	238	238	396	396
BT0NG76E16	NG	180	180	143	143	250	250	288	288
BT0NG77E17	NG	184	184	157	157	250	250	288	288
BT0NG78E18	NG	180	180	157	157	250	250	416	416
BT0NG79E19	NG	176	180	143	143	262	274	416	424
BT0NG80E20	NG	176	180	143	143	254	262	288	416
BT0NG81E21	NG	176	176	143	155	274	278	404	416
BT0NG82E22	NG	184	184	157	157	250	250	256	256
BT0NG85E23	NG	180	180	157	157	254	254	420	420
BT0NW021	NW	180	180	143	143	274	274	284	284
BT0NW032	NW	180	180	143	143	270	270	260	260
BT0NW043	NW	180	180	157	157	246	246	384	384
BT0NW043_2	NW	180	180	157	157	246	246	384	384
BT0NW054	NW	180	180	143	143	226	226	396	396
BT0NW065	NW	176	176	143	143	278	278	396	396
BT0NW076	NW	180	180	143	143	254	254	284	284
BT0NW076_2	NW	180	180	143	143	254	254	284	284
BT0NW087	NW	184	184	143	143	258	258	292	292
BT0NW098	NW	176	176	157	157	254	254	284	284
BT0NW109	NW	176	176	143	143	274	274	396	396
BT0NW109_2	NW	176	176	143	143	274	274	396	396
BT0NW109_3	NW	176	176	143	143	274	274	396	396
BT0NW1110	NW	184	184	157	157	270	270	376	376
BT0NW1110_2	NW	184	184	157	157	270	270	376	376
BT0NW1110_3	NW	184	184	157	157	270	270	376	376
BT0NW1211	NW	176	176	143	143	262	262	288	288
BT0NW1413	NW	180	180	143	143	258	258	292	292
BT0NW1514	NW	176	176	143	143	258	258	284	284
BT0NW1514_2	NW	176	176	143	143	258	258	284	284
BT0NW1716	NW	176	176	143	143	262	262	284	284
BT0NW1817	NW	176	176	143	143	274	274	292	292
BT0NW2019	NW	176	176	143	143	270	270	408	408
BT0NW2120	NW	180	180	157	157	274	274	288	288
BT0NW2221	NW	180	180	157	157	270	270	396	396
BT0NW2524	NW	180	180	143	143	274	274	280	280
BT0NW2625	NW	176	176	143	143	258	258	280	280
BT0NW2625_2	NW	176	176	143	143	258	258	280	280
BT0NW2625_3	NW	176	176	143	143	258	258	280	280
BT0NW2625_4	NW	176	176	143	143	258	258	280	280
BT0NW2625_5	NW	176	176	143	143	258	258	280	280
BT0NW2726	NW	176	176	143	143	274	274	392	392
BT0NW2827	NW	180	180	143	143	254	254	280	280
BT0NW2827_2	NW	180	180	143	143	254	254	280	280
BT0NW3029	NW	180	180	143	143	226	226	392	392
BT0NW3433	NW	180	180	157	157	274	274	280	280
BT0NW3534	NW	180	180	143	143	266	266	258	258
BT0TEI11	TE	184	184	161	161	238	238	344	344
BT0TEI11_2	TE	184	184	161	161	238	238	344	344
BT0TEI22	TE	184	184	161	161	290	290	384	384
BT0TEI22_2	TE	184	184	161	161	290	290	384	384
BT0TEI22_3	TE	184	184	161	161	290	290	384	384
BT0TEI22_4	TE	184	184	161	161	290	290	384	384
BT0TEI22_5	TE	184	184	161	161	290	290	384	384
BT0TEI22_6	TE	184	184	161	161	290	290	384	384
BT0TEI22_7	TE	184	184	161	161	290	290	384	384
BT0TEI22_8	TE	184	184	161	161	290	290	384	384
BT0TEI22_9	TE	184	184	161	161	290	290	384	384
BT0TEI22_10	TE	184	184	161	161	290	290	384	384
BT0TEI22_11	TE	184	184	161	161	290	290	384	384
BT0TEI22_12	TE	184	184	161	161	290	290	384	384
BT0TEI22_13	TE	184	184	161	161	290	290	384	384
BT0TEI22_14	TE	184	184	161	161	290	290	384	384
BT0TEI22_15	TE	184	184	161	161	290	290	384	384
BT0TEI22_16	TE	184	184	161	161	290	290	384	384
BT0TEI33	TE	184	184	161	161	294	294	380	380
BT0TEI33_2	TE	184	184	161	161	294	294	380	380
BT0TEI55	TE	184	184	143	143	294	294	376	376
BT0TEI55_2	TE	184	184	143	143	294	294	376	376
BT0TEI55_3	TE	184	184	143	143	294	294	376	376
BT0TEI55_4	TE	184	184	143	143	294	294	376	376
BT0TEI55_5	TE	184	184	143	143	294	294	376	376
BT0TEI55_6	TE	184	184	143	143	294	294	376	376
BT0TEI99	TE	184	184	143	143	294	294	384	384
BT0TEI1010	TE	184	184	143	143	290	290	384	384
BT0TEI1212	TE	180	180	143	143	290	290	384	384
BT0TEI1313	TE	184	184	161	161	290	290	388	384
BT0TEI2222	TE	184	184	161	161	298	298	384	384
BT0TEI2222_2	TE	184	184	161	161	298	298	384	384
BT0TEI2929	TE	184	184	161	161	294	294	384	384
BT0TEI2929_2	TE	184	184	161	161	294	294	384	384
BT0TEI3030	TE	184	184	149	149	238	238	384	384
BT0TEI3535	TE	184	184	161	161	294	298	376	376
BT0BYI11	BYI	184	184	163	163	282	282	424	428
BT0BYI11_2	BYI	184	184	163	163	282	282	424	428
BT0BYI11_3	BYI	184	184	163	163	282	282	424	428
BT0BYI11_4	BYI	184	184	163	163	282	282	424	428
BT0BYI11_5	BYI	184	184	163	163	282	282	424	428
BT0BYI22	BYI	184	184	163	163	278	286	424	428
BT0BYI44	BYI	184	184	163	163	282	282	424	424
BT0BYI44_2	BYI	184	184	163	163	282	282	424	424
BT0BYI44_3	BYI	184	184	163	163	282	282	424	424
BT0BYI44_4	BYI	184	184	163	163	282	282	424	424
BT0BYI44_5	BYI	184	184	163	163	282	282	424	424
BT0BYI55	BYI	184	184	163	163	278	278	424	424
BT0BYI55_2	BYI	184	184	163	163	278	278	424	424
BT0BYI55_3	BYI	184	184	163	163	278	278	424	424
BT0BYI55_4	BYI	184	184	163	163	278	278	424	424
BT0BYI55_5	BYI	184	184	163	163	278	278	424	424
BT0BYI55_6	BYI	184	184	163	163	278	278	424	424
BT0BYI55_7	BYI	184	184	163	163	278	278	424	424
BT0BYI55_8	BYI	184	184	163	163	278	278	424	424
BT0BYI55_9	BYI	184	184	163	163	278	278	424	424
BT0BYI55_10	BYI	184	184	163	163	278	278	424	424
BT0BYI55_11	BYI	184	184	163	163	278	278	424	424
BT0BYI1515	BYI	184	184	163	163	282	282	428	428
BT0BYI1616	BYI	184	184	163	163	278	278	428	428
BT0BYI1616_2	BYI	184	184	163	163	278	278	428	428
BT0BYI1616_3	BYI	184	184	163	163	278	278	428	428
BT0BYI1616_4	BYI	184	184	163	163	278	278	428	428
BT0BYI1616_5	BYI	184	184	163	163	278	278	428	428
BT0BYI2424	BYI	184	184	163	163	282	286	424	424
BT0BYI2727	BYI	184	184	163	163	282	278	424	424
BT0BYII11	BYII	184	184	163	163	282	282	432	432
BT0BYII11_2	BYII	184	184	163	163	282	282	432	432
BT0BYII11_3	BYII	184	184	163	163	282	282	432	432
BT0BYII11_4	BYII	184	184	163	163	282	282	432	432
BT0BYII11_5	BYII	184	184	163	163	282	282	432	432
BT0BYII11_6	BYII	184	184	163	163	282	282	432	432
BT0BYII11_7	BYII	184	184	163	163	282	282	432	432
BT0BYII11_8	BYII	184	184	163	163	282	282	432	432
BT0BYII11_9	BYII	184	184	163	163	282	282	432	432
BT0BYII66	BYII	184	184	163	163	282	282	424	428
BT0BYII66_2	BYII	184	184	163	163	282	282	424	428
BT0BYII77	BYII	184	184	163	163	282	282	436	436
BT0BYII77_2	BYII	184	184	163	163	282	282	436	436
BT0BYII99	BYII	184	184	163	163	286	286	428	428
BT0BYII99_2	BYII	184	184	163	163	286	286	428	428
BT0BYII99_3	BYII	184	184	163	163	286	286	428	428
BT0BYII99_4	BYII	184	184	163	163	286	286	428	428
BT0BYII99_5	BYII	184	184	163	163	286	286	428	428
BT0BYII110	BYII	184	184	163	163	278	278	424	424
BT0BYII114	BYII	184	184	163	163	282	282	428	428
BT0BYII114_2	BYII	184	184	163	163	282	282	428	428
BT0BYII114_3	BYII	184	184	163	163	282	282	428	428
BT0BYII218	BYII	184	184	163	163	286	286	424	428
BT0Bk11	Bk	184	184	165	165	214	214	264	264
BT0Bk11_2	Bk	184	184	165	165	214	214	264	264
BT0Bk11_3	Bk	184	184	165	165	214	214	264	264
BT0Bk11_4	Bk	184	184	165	165	214	214	264	264
BT0Bk11_5	Bk	184	184	165	165	214	214	264	264
BT0Bk22	Bk	184	184	157	157	214	214	256	256
BT0Bk44	Bk	184	184	165	165	394	394	268	268
BT0Bk55	Bk	184	184	165	165	386	386	264	264
BT0Bk55_2	Bk	184	184	165	165	386	386	264	264
BT0Bk55_3	Bk	184	184	165	165	386	386	264	264
BT0Bk55_4	Bk	184	184	165	165	386	386	264	264
BT0Bk55_5	Bk	184	184	165	165	386	386	264	264
BT0Bk88	Bk	184	184	165	165	214	214	260	264
BT0Bk1010	Bk	184	184	165	165	206	206	264	264
BT0Bk1010_2	Bk	184	184	165	165	206	206	264	264
BT0Bk1010_3	Bk	184	184	165	165	206	206	264	264
BT0Bk1111	Bk	184	184	157	157	242	242	256	256
BT0Bk1414	Bk	184	184	157	157	242	242	276	276
BT0Bk1616	Bk	184	184	165	165	242	242	264	264
BT0Bk1717	Bk	184	184	165	165	290	290	264	264
BT0Bk1919	Bk	184	184	165	165	398	398	276	276
BT0F11	F	180	180	157	157	350	350	252	252
BT0F11_2	F	180	180	157	157	350	350	252	252
BT0F22	F	180	180	157	157	214	214	252	252
BT0F22_2	F	180	180	157	157	214	214	252	252
BT0F44	F	184	184	159	159	394	394	296	296
BT0F55	F	180	180	157	157	358	358	248	248
BT0F66	F	180	180	157	157	342	342	248	248
BT0F77	F	180	180	165	165	390	390	272	272
BT0F99	F	180	180	157	157	346	346	256	256
BT0F1010	F	180	180	165	165	386	386	272	272
BT0F1311	F	180	180	157	157	390	390	252	252
BT0F1412	F	184	184	165	165	350	350	252	256
BT0K11	K	184	184	155	155	286	286	336	336
BT0K11_2	K	184	184	155	155	286	286	336	336
BT0K11_3	K	184	184	155	155	286	286	336	336
BT0K11_4	K	184	184	155	155	286	286	336	336
BT0K22	K	184	184	155	155	290	290	328	328
BT0K33	K	184	184	155	155	286	286	328	328
BT0K33_2	K	184	184	155	155	286	286	328	328
BT0K44	K	184	184	155	155	278	278	328	336
BT0K55	K	184	184	155	155	286	286	332	332
BT0K55_2	K	184	184	155	155	286	286	332	332
BT0K55_3	K	184	184	155	155	286	286	332	332
BT0K55_4	K	184	184	155	155	286	286	332	332
BT0K55_5	K	184	184	155	155	286	286	332	332
BT0K66	K	184	184	155	155	286	286	340	340
BT0K77	K	184	184	155	155	282	282	328	336
BT0K88	K	184	184	155	155	290	290	336	336
BT0KO11	KO	180	180	143	143	254	254	404	408
BT0KO22	KO	176	176	157	157	254	254	296	296
BT0KO22_2	KO	176	176	157	157	254	254	296	296
BT0KO44	KO	180	180	143	143	258	258	260	260
BT0KO44_2	KO	180	180	143	143	258	258	260	260
BT0KO55	KO	180	180	157	157	250	250	252	252
BT0KO66	KO	180	180	157	157	250	250	280	280
BT0KO88	KO	180	180	157	157	254	254	288	412
BT0KO99	KO	180	180	157	157	262	278	376	412
BT0KO1010	KO	180	180	143	157	250	250	288	380
BT0KO1111	KO	184	184	143	157	242	242	380	380
BT0KO1212	KO	180	180	157	157	262	262	280	280
BT0KO1313	KO	180	180	157	157	266	266	416	412
BT0KO1414	KO	180	180	143	143	254	254	256	256
BT0KO1515	KO	180	180	157	157	254	254	284	284
BT0KO1616	KO	180	180	143	143	250	250	256	256
BT0KO1717	KO	180	180	155	155	246	246	268	268
BT0KO1818	KO	180	180	143	155	246	250	260	280
BT0KO1919	KO	180	180	157	157	266	266	284	284
BT0KO2020	KO	184	184	157	157	262	262	412	412
BT0KO2121	KO	180	180	143	143	254	254	260	260
BT0KO2121_2	KO	180	180	143	143	254	254	260	260
BT0KO2323	KO	184	184	155	155	246	246	268	268
BT0KO2424	KO	180	180	155	157	254	254	420	420
BT0KO2525	KO	184	184	155	155	282	282	332	332
BT0KO2525_2	KO	184	184	155	155	282	282	332	332
BT0KO2525_3	KO	184	184	155	155	282	282	332	332
BT0KO2626	KO	184	184	155	155	282	286	340	332
BT0KO2626_2	KO	184	184	155	155	282	286	340	332
BT0KO2727	KO	184	184	155	155	282	286	340	340
BT0KO2828	KO	184	184	155	155	286	286	340	332
BT0MD11	MD	180	180	165	165	382	382	244	244
BT0MD11_2	MD	180	180	165	165	382	382	244	244
BT0MD11_3	MD	180	180	165	165	382	382	244	244
BT0MD11_4	MD	180	180	165	165	382	382	244	244
BT0MD11_5	MD	180	180	165	165	382	382	244	244
BT0MD11_6	MD	180	180	165	165	382	382	244	244
BT0MD11_7	MD	180	180	165	165	382	382	244	244
BT0MD11_8	MD	180	180	165	165	382	382	244	244
BT0MD11_9	MD	180	180	165	165	382	382	244	244
BT0MD22	MD	180	180	157	157	206	206	260	260
BT0MD22_2	MD	180	180	157	157	206	206	260	260
BT0MD22_3	MD	180	180	157	157	206	206	260	260
BT0MD43	MD	180	180	165	165	346	346	260	260
BT0MD54	MD	180	180	157	157	210	210	260	260
BT0MD54_2	MD	180	180	157	157	210	210	260	260
BT0MD54_3	MD	180	180	157	157	210	210	260	260
BT0MD65	MD	180	180	165	165	210	210	244	244
BT0MD87	MD	180	184	157	157	382	394	268	272
BT0MD1311	MD	180	180	165	165	382	382	248	248
BT0MD1412	MD	180	180	165	165	382	386	268	268
BT0MD1816	MD	180	180	165	165	342	342	260	260
BT0MD2018	MD	179	180	165	165	382	382	244	244
BT0MD2119	MD	180	180	165	165	378	378	248	248
BT0MD2220	MD	184	184	157	157	398	394	272	272
BT0MD2321	MD	180	180	165	165	346	346	244	244
BT0MD2623	MD	180	180	165	165	386	386	268	268
BT0MD2724	MD	184	184	165	165	330	330	272	272
BT0MD2724_2	MD	184	184	165	165	330	330	272	272
BT0MD2926	MD	184	184	157	157	330	330	260	260
BT0MD3128	MD	179	180	165	165	346	346	244	244
BT0MD3229	MD	180	180	165	165	346	346	248	248
BT0MD3330	MD	180	180	157	157	206	206	244	244
BT0MD3431	MD	180	180	157	157	390	390	260	260
BT0M7A1	M	184	184	151	151	250	254	256	284
BT0M8A2	M	184	184	116	151	250	278	260	288
BT0M9A3	M	180	180	157	157	254	254	260	260
BT0M1A4	M	179	179	116	116	318	318	368	368
BT0M2A5	M	184	184	116	116	254	254	260	260
BT0M3A6	M	184	184	157	157	310	310	256	256
BT0M4A7	M	184	184	116	116	310	310	260	288
BT0M5A8	M	184	184	116	116	250	250	260	284
BT0M6A9	M	184	184	116	116	254	254	256	288
BT0M64A10	M	184	184	157	157	250	250	296	296
BT0M64A10_2	M	184	184	157	157	250	250	296	296
BTOM73A11	M	184	184	116	116	250	250	260	260
BT0M104A12	M	180	184	157	157	278	278	288	288
BT0M118A13	M	180	180	157	157	314	314	288	288
BT0M119A14	M	184	184	157	157	314	314	260	260
BT0M119A14_2	M	184	184	157	157	314	314	260	260
BT0M125E15	M	180	180	157	157	250	250	300	300
BT0M127E16	M	180	180	116	116	250	250	368	368
BT0M128E17	M	184	184	157	157	254	254	296	296
BT0M11A19	M	180	184	116	116	254	314	260	260
BT0M12A20	M	184	184	157	157	254	254	288	288
BT0M13A21	M	180	180	157	157	310	310	256	280
BT0M14A22	M	184	184	116	116	310	310	296	296
BT0M15A23	M	184	184	116	116	250	250	260	300
BT0M108A25	M	184	184	116	157	250	314	256	288
BT0M109A26	M	184	184	116	116	310	310	260	260
BT0M126E27	M	184	184	116	116	274	310	260	288
BT0M140E28	M	180	184	157	157	250	314	256	368
